use anyhow::Result;
use fixedbitset::FixedBitSet;
use ndarray::Array2;

use crate::splits::asplit::ASplit;

pub const DEFAULT_CUTOFF: f64 = 1e-6;

#[derive(Clone, Copy, Debug)]
enum Variance {
    Ols,
    #[allow(dead_code)]
    Fm1,
    #[allow(dead_code)]
    Fm2,
}

#[derive(Clone, Copy, Debug, PartialEq, Eq)]
enum Regularization {
    Nnls,
    #[allow(dead_code)]
    Lasso,
    #[allow(dead_code)]
    NormLasso,
    #[allow(dead_code)]
    InternalLasso,
}

#[derive(Clone, Copy, Debug)]
struct Splitstree4Options {
    variance: Variance,
    cutoff: f64,
    regularization: Regularization,
    lambda_fraction: f64,
}

impl Default for Splitstree4Options {
    fn default() -> Self {
        Self {
            variance: Variance::Ols,
            cutoff: DEFAULT_CUTOFF,
            regularization: Regularization::Nnls,
            lambda_fraction: 1.0,
        }
    }
}

/// Compute split weights using the SplitsTree4-style optimizer used in SplitsTree6.
/// `cycle` is 1-based with leading 0 sentinel.
pub fn compute_splits(cycle: &[usize], distances: &Array2<f64>) -> Result<Vec<ASplit>> {
    compute_weighted_splits(cycle, distances, Splitstree4Options::default())
}

fn compute_weighted_splits(
    cycle: &[usize],
    distances: &Array2<f64>,
    options: Splitstree4Options,
) -> Result<Vec<ASplit>> {
    let n = cycle.len().saturating_sub(1);
    if n <= 1 {
        return Ok(Vec::new());
    }
    if n == 2 {
        let d_ij = distances[[cycle[1] - 1, cycle[2] - 1]];
        if d_ij > 0.0 {
            let mut a = FixedBitSet::with_capacity(n + 1);
            a.grow(n + 1);
            a.set(cycle[1], true);
            return Ok(vec![ASplit::from_a_ntax_with_weight(a, n, d_ij)]);
        }
        return Ok(Vec::new());
    }

    let npairs = n * (n - 1) / 2;
    let d = setup_d(distances, cycle, n);
    let v = setup_v(distances, cycle, n, options.variance);

    let mut w = vec![0.0; npairs];
    for k in 0..npairs {
        if v[k] == 0.0 {
            w[k] = 1.0e11;
        } else {
            w[k] = 1.0 / v[k];
        }
    }

    let mut x = vec![0.0; npairs];
    run_active_conjugate(n, &d, &w, &mut x, options);

    let mut splits = Vec::new();
    let mut index = 0usize;
    for i in 0..n {
        let mut a = FixedBitSet::with_capacity(n + 1);
        a.grow(n + 1);
        for j in (i + 1)..n {
            a.set(cycle[j + 1], true);
            if x[index] > options.cutoff {
                splits.push(ASplit::from_a_ntax_with_weight(a.clone(), n, x[index]));
            }
            index += 1;
        }
    }
    Ok(splits)
}

fn setup_d(distances: &Array2<f64>, cycle: &[usize], n: usize) -> Vec<f64> {
    let mut d = vec![0.0; n * (n - 1) / 2];
    let mut index = 0usize;
    for i in 0..n {
        for j in (i + 1)..n {
            d[index] = distances[[cycle[i + 1] - 1, cycle[j + 1] - 1]];
            index += 1;
        }
    }
    d
}

fn setup_v(distances: &Array2<f64>, cycle: &[usize], n: usize, variance: Variance) -> Vec<f64> {
    let mut v = vec![0.0; n * (n - 1) / 2];
    let mut index = 0usize;
    for i in 0..n {
        for j in (i + 1)..n {
            let dij = distances[[cycle[i + 1] - 1, cycle[j + 1] - 1]];
            v[index] = match variance {
                Variance::Fm1 => dij,
                Variance::Fm2 => dij * dij,
                Variance::Ols => 1.0,
            };
            index += 1;
        }
    }
    v
}

fn run_active_conjugate(n: usize, d: &[f64], w: &[f64], x: &mut [f64], options: Splitstree4Options) {
    let collapse_many_negs = true;
    let npairs = d.len();
    if w.len() != npairs || x.len() != npairs {
        panic!("Vectors d,W,x have different dimensions");
    }

    run_unconstrained_ls(n, d, x);
    if x.iter().all(|&val| val >= 0.0) {
        return;
    }

    let mut r = vec![0.0; npairs];
    let mut wtmp = vec![0.0; npairs];
    let mut p = vec![0.0; npairs];
    let mut y = vec![0.0; npairs];
    let mut old_x = vec![1.0; npairs];

    let mut active = vec![false; npairs];
    let fixed_active = vec![false; npairs];
    let mut atwd = vec![0.0; npairs];
    for k in 0..npairs {
        y[k] = w[k] * d[k];
    }
    calculate_atx(n, &y, &mut atwd);

    if options.regularization != Regularization::Nnls {
        let mut max_atwd = 0.0;
        for &val in &atwd {
            if val > max_atwd {
                max_atwd = val;
            }
        }
        let lambda = max_atwd * (1.0 - options.lambda_fraction);
        for k in 0..npairs {
            atwd[k] -= lambda;
        }
    }

    let mut first_pass = true;
    loop {
        loop {
            if !first_pass {
                circular_conjugate_grads(n, npairs, &mut r, &mut wtmp, &mut p, &mut y, w, &atwd, &active, x);
            }
            first_pass = false;

            if collapse_many_negs {
                if let Some(entries) = worst_indices(x, 0.6) {
                    for &idx in &entries {
                        x[idx] = 0.0;
                        active[idx] = true;
                    }
                    circular_conjugate_grads(
                        n, npairs, &mut r, &mut wtmp, &mut p, &mut y, w, &atwd, &active, x,
                    );
                }
            }

            let mut min_i: Option<usize> = None;
            let mut min_xi = -1.0_f64;
            for i in 0..npairs {
                if x[i] < 0.0 {
                    let xi = old_x[i] / (old_x[i] - x[i]);
                    if min_i.is_none() || xi < min_xi {
                        min_i = Some(i);
                        min_xi = xi;
                    }
                }
            }

            if min_i.is_none() {
                break;
            } else {
                for i in 0..npairs {
                    if !active[i] {
                        old_x[i] += min_xi * (x[i] - old_x[i]);
                    }
                }
                let min_i = min_i.unwrap();
                active[min_i] = true;
                x[min_i] = 0.0;
            }
        }

        calculate_ab(n, x, &mut y);
        for i in 0..npairs {
            y[i] *= w[i];
        }
        calculate_atx(n, &y, &mut r);

        let mut min_i: Option<usize> = None;
        let mut min_grad = 1.0_f64;
        for i in 0..npairs {
            r[i] -= atwd[i];
            if active[i] && !fixed_active[i] {
                let grad_ij = r[i];
                if min_i.is_none() || grad_ij < min_grad {
                    min_i = Some(i);
                    min_grad = grad_ij;
                }
            }
        }

        if min_i.is_none() || min_grad > -0.0001 {
            return;
        } else {
            active[min_i.unwrap()] = false;
        }
    }
}

fn worst_indices(x: &[f64], prop_kept: f64) -> Option<Vec<usize>> {
    if prop_kept == 0.0 {
        return None;
    }

    let num_neg = x.iter().filter(|&&v| v < 0.0).count();
    if num_neg == 0 {
        return None;
    }

    let mut xcopy: Vec<f64> = x.iter().copied().filter(|v| *v < 0.0).collect();
    xcopy.sort_by(|a, b| a.partial_cmp(b).unwrap());

    let nkept = ((prop_kept * num_neg as f64).ceil() as usize).max(1);
    let cutoff = xcopy[nkept - 1];

    let mut result = vec![0usize; nkept];
    let mut front = 0usize;
    let mut back = nkept.saturating_sub(1);
    for (i, &val) in x.iter().enumerate() {
        if val < cutoff {
            result[front] = i;
            front += 1;
        } else if val == cutoff {
            if back >= front {
                result[back] = i;
                if back == 0 {
                    break;
                }
                back -= 1;
            }
        }
    }
    Some(result)
}

fn run_unconstrained_ls(n: usize, d: &[f64], x: &mut [f64]) {
    let mut index = 0usize;
    for i in 0..=n - 3 {
        x[index] = (d[index] + d[index + (n - i - 2) + 1] - d[index + 1]) / 2.0;
        index += 1;
        for _j in (i + 2)..=n - 2 {
            x[index] = (d[index] + d[index + (n - i - 2) + 1] - d[index + 1]
                - d[index + (n - i - 2)])
                / 2.0;
            index += 1;
        }
        if i == 0 {
            x[index] = (d[0] + d[n - 2] - d[2 * n - 4]) / 2.0;
        } else {
            x[index] = (d[index] + d[i] - d[i - 1] - d[index + (n - i - 2)]) / 2.0;
        }
        index += 1;
    }
    x[index] = (d[index] + d[n - 2] - d[n - 3]) / 2.0;
}

fn rowsum(n: usize, d: &[f64], k: usize) -> f64 {
    let mut r = 0.0;
    let mut index = 0usize;

    if k > 0 {
        index = k - 1;
        for i in 0..k {
            r += d[index];
            index += n - i - 2;
        }
        index += 1;
    }
    for _j in (k + 1)..n {
        r += d[index];
        index += 1;
    }
    r
}

fn calculate_atx(n: usize, d: &[f64], p: &mut [f64]) {
    let mut index = 0usize;
    for i in 0..n - 1 {
        p[index] = rowsum(n, d, i + 1);
        index += n - i - 1;
    }

    index = 1;
    for i in 0..n - 2 {
        p[index] = p[index - 1] + p[index + (n - i - 2)] - 2.0 * d[index + (n - i - 2)];
        index += (n - i - 2) + 1;
    }

    for k in 3..=n - 1 {
        index = k - 1;
        for i in 0..=n - k - 1 {
            p[index] = p[index - 1] + p[index + n - i - 2] - p[index + n - i - 3]
                - 2.0 * d[index + n - i - 2];
            index += (n - i - 2) + 1;
        }
    }
}

fn calculate_ab(n: usize, b: &[f64], d: &mut [f64]) {
    let mut dindex = 0usize;

    for i in 0..=n - 2 {
        let mut d_ij = 0.0;
        let mut index = i as isize - 1;
        if i > 0 {
            for k in 0..=i - 1 {
                d_ij += b[index as usize];
                index += (n - k - 2) as isize;
            }
        }
        index += 1;
        for _k in (i + 1)..=n - 1 {
            d_ij += b[index as usize];
            index += 1;
        }
        d[dindex] = d_ij;
        dindex += (n - i - 2) + 1;
    }

    let mut index = 1usize;
    for i in 0..=n - 3 {
        d[index] = d[index - 1] + d[index + (n - i - 2)] - 2.0 * b[index - 1];
        index += 1 + (n - i - 2);
    }

    for k in 3..=n - 1 {
        index = k - 1;
        for i in 0..=n - k - 1 {
            d[index] = d[index - 1] + d[index + (n - i - 2)] - d[index + (n - i - 2) - 1]
                - 2.0 * b[index - 1];
            index += 1 + (n - i - 2);
        }
    }
}

fn norm(x: &[f64]) -> f64 {
    x.iter().map(|v| v * v).sum()
}

fn circular_conjugate_grads(
    n: usize,
    npairs: usize,
    r: &mut [f64],
    w: &mut [f64],
    p: &mut [f64],
    y: &mut [f64],
    weights: &[f64],
    b: &[f64],
    active: &[bool],
    x: &mut [f64],
) {
    let kmax = n * (n - 1) / 2;

    calculate_ab(n, x, y);
    for k in 0..npairs {
        y[k] = weights[k] * y[k];
    }
    calculate_atx(n, y, r);

    for k in 0..npairs {
        if !active[k] {
            r[k] = b[k] - r[k];
        } else {
            r[k] = 0.0;
        }
    }

    let mut rho = norm(r);
    let mut rho_old = 0.0;

    let e0 = 0.0001 * norm(b).sqrt();
    let mut k = 0usize;

    while rho > e0 * e0 && k < kmax {
        k += 1;
        if k == 1 {
            p.copy_from_slice(r);
        } else {
            let beta = rho / rho_old;
            for i in 0..npairs {
                p[i] = r[i] + beta * p[i];
            }
        }

        calculate_ab(n, p, y);
        for i in 0..npairs {
            y[i] *= weights[i];
        }
        calculate_atx(n, y, w);
        for i in 0..npairs {
            if active[i] {
                w[i] = 0.0;
            }
        }

        let mut alpha = 0.0;
        for i in 0..npairs {
            alpha += p[i] * w[i];
        }
        alpha = rho / alpha;

        for i in 0..npairs {
            x[i] += alpha * p[i];
            r[i] -= alpha * w[i];
        }
        rho_old = rho;
        rho = norm(r);
    }
}

#[cfg(test)]
mod tests {
    use super::*;
    use ndarray::arr2;

    fn compare_float_array(actual: &[f64], expected: &[f64], eps: f64) {
        assert_eq!(actual.len(), expected.len());
        for (i, (a, e)) in actual.iter().zip(expected.iter()).enumerate() {
            assert!(
                (a - e).abs() <= eps,
                "index {}: got {}, expected {}",
                i,
                a,
                e
            );
        }
    }

    #[test]
    fn splitstree4_colors_example() {
        let d = arr2(&[
            [0.0, 61.0, 105.0, 121.0, 131.0, 124.0, 106.0, 85.0, 52.0, 31.0],
            [61.0, 0.0, 55.0, 99.0, 116.0, 124.0, 130.0, 125.0, 99.0, 80.0],
            [105.0, 55.0, 0.0, 54.0, 81.0, 101.0, 121.0, 131.0, 128.0, 118.0],
            [121.0, 99.0, 54.0, 0.0, 33.0, 55.0, 85.0, 106.0, 121.0, 124.0],
            [131.0, 116.0, 81.0, 33.0, 0.0, 35.0, 65.0, 93.0, 116.0, 121.0],
            [124.0, 124.0, 101.0, 55.0, 35.0, 0.0, 41.0, 73.0, 102.0, 115.0],
            [106.0, 130.0, 121.0, 85.0, 65.0, 41.0, 0.0, 45.0, 84.0, 94.0],
            [85.0, 125.0, 131.0, 106.0, 93.0, 73.0, 45.0, 0.0, 45.0, 62.0],
            [52.0, 99.0, 128.0, 121.0, 116.0, 102.0, 84.0, 45.0, 0.0, 30.0],
            [31.0, 80.0, 118.0, 124.0, 121.0, 115.0, 94.0, 62.0, 30.0, 0.0],
        ]);

        let cycle: Vec<usize> = (0..=10).collect();
        let splits = compute_splits(&cycle, &d).expect("splitstree4 weights");
        let weights: Vec<f64> = splits.iter().map(|s| s.get_weight()).collect();

        // Expected weights from splitstree6/examples/programs/splitstree4/colors.nex.
        let expected = vec![
            5.4911933, 13.998482, 3.5481272, 7.462752, 11.928696, 8.146091, 3.374955, 0.974247,
            6.045535, 4.9808993, 5.0014324, 6.0117188, 7.0219626, 7.53659, 11.402673, 4.512541,
            3.0345206, 2.9938161, 1.000118, 4.9945664, 5.4776573, 8.979996, 6.5275626, 5.014319,
            6.4802, 3.4943144, 4.1143675, 0.92449677, 6.4364915, 5.52085, 2.0923293, 3.1699855,
            3.2810664, 6.3298583, 4.500557, 0.70038056, 3.2450821, 2.971226, 5.544069, 6.19452,
            4.392257,
        ];

        assert_eq!(weights.len(), expected.len());
        compare_float_array(&weights, &expected, 1e-6);
    }

    #[test]
    fn splitstree4_smoke_5_1() {
        let d = arr2(&[
            [0.0, 5.0, 9.0, 9.0, 8.0],
            [5.0, 0.0, 10.0, 10.0, 9.0],
            [9.0, 10.0, 0.0, 8.0, 7.0],
            [9.0, 10.0, 8.0, 0.0, 3.0],
            [8.0, 9.0, 7.0, 3.0, 0.0],
        ]);
        let ord = vec![0, 1, 2, 5, 4, 3];

        let splits = compute_splits(&ord, &d).expect("splitstree4 weights");
        let weights: Vec<f64> = splits.iter().map(|s| s.get_weight()).collect();

        // Expected weights from splitstree6 (SplitsTree4 inference).
        let expected = vec![3.0, 2.0, 1.0, 2.0, 3.0, 2.0, 4.0];
        compare_float_array(&weights, &expected, 1e-6);
    }

    #[test]
    fn splitstree4_smoke_10_1() {
        let d = arr2(&[
            [0.0, 5.0, 12.0, 7.0, 3.0, 9.0, 11.0, 6.0, 4.0, 10.0],
            [5.0, 0.0, 8.0, 2.0, 14.0, 5.0, 13.0, 7.0, 12.0, 1.0],
            [12.0, 8.0, 0.0, 4.0, 9.0, 3.0, 8.0, 2.0, 5.0, 6.0],
            [7.0, 2.0, 4.0, 0.0, 11.0, 7.0, 10.0, 4.0, 6.0, 9.0],
            [3.0, 14.0, 9.0, 11.0, 0.0, 8.0, 1.0, 13.0, 2.0, 7.0],
            [9.0, 5.0, 3.0, 7.0, 8.0, 0.0, 12.0, 5.0, 3.0, 4.0],
            [11.0, 13.0, 8.0, 10.0, 1.0, 12.0, 0.0, 6.0, 2.0, 8.0],
            [6.0, 7.0, 2.0, 4.0, 13.0, 5.0, 6.0, 0.0, 9.0, 7.0],
            [4.0, 12.0, 5.0, 6.0, 2.0, 3.0, 2.0, 9.0, 0.0, 5.0],
            [10.0, 1.0, 6.0, 9.0, 7.0, 4.0, 8.0, 7.0, 5.0, 0.0],
        ]);
        let ord = vec![0, 1, 5, 7, 9, 3, 8, 4, 2, 10, 6];

        let splits = compute_splits(&ord, &d).expect("splitstree4 weights");
        let weights: Vec<f64> = splits.iter().map(|s| s.get_weight()).collect();

        // Expected weights from splitstree6 (SplitsTree4 inference).
        let expected = vec![
            1.7924414641371267,
            0.7673612873305476,
            1.0050510774461943,
            1.369515830731885,
            0.895653572600632,
            0.6991658044988632,
            1.342306827079896,
            0.24534147612643525,
            0.9393162245154416,
            0.5380188914835948,
            0.6473972919269545,
            2.0200515908161893,
            0.7477352372800302,
            0.08314593873568055,
            1.9943827151802362,
            1.88979374064372,
            0.4315906814665401,
            1.2899779226681871,
        ];
        compare_float_array(&weights, &expected, 1e-6);
    }

    #[test]
    fn splitstree4_smoke_20() {
        let d = arr2(&[
            [
                0.000000, 0.438878, 0.858598, 0.697368, 0.094177, 0.975622, 0.761140, 0.786064,
                0.128114, 0.450386, 0.370798, 0.926765, 0.643865, 0.822762, 0.443414, 0.227239,
                0.554585, 0.063817, 0.827631, 0.631664,
            ],
            [
                0.438878, 0.000000, 0.970698, 0.893121, 0.778383, 0.194639, 0.466721, 0.043804,
                0.154289, 0.683049, 0.744762, 0.967510, 0.325825, 0.370460, 0.469556, 0.189471,
                0.129922, 0.475705, 0.226909, 0.669814,
            ],
            [
                0.858598, 0.970698, 0.000000, 0.312367, 0.832260, 0.804764, 0.387478, 0.288328,
                0.682496, 0.139752, 0.199908, 0.007362, 0.786924, 0.664851, 0.705165, 0.780729,
                0.458916, 0.568741, 0.139797, 0.114530,
            ],
            [
                0.697368, 0.893121, 0.312367, 0.000000, 0.634718, 0.553579, 0.559207, 0.303950,
                0.030818, 0.436717, 0.214585, 0.408529, 0.853403, 0.233939, 0.058303, 0.281384,
                0.293594, 0.661917, 0.557032, 0.783898,
            ],
            [
                0.094177, 0.778383, 0.832260, 0.634718, 0.000000, 0.090048, 0.722359, 0.461877,
                0.161272, 0.501045, 0.152312, 0.696320, 0.446156, 0.381021, 0.301512, 0.630283,
                0.361813, 0.087650, 0.118006, 0.961898,
            ],
            [
                0.975622, 0.194639, 0.804764, 0.553579, 0.090048, 0.000000, 0.449362, 0.272242,
                0.096391, 0.902602, 0.455776, 0.202363, 0.305957, 0.579220, 0.176773, 0.856614,
                0.758520, 0.719463, 0.432093, 0.627309,
            ],
            [
                0.761140, 0.466721, 0.387478, 0.559207, 0.722359, 0.449362, 0.000000, 0.144524,
                0.103403, 0.587645, 0.170593, 0.925120, 0.581061, 0.346870, 0.590915, 0.022804,
                0.958559, 0.482303, 0.782735, 0.082730,
            ],
            [
                0.786064, 0.043804, 0.288328, 0.303950, 0.461877, 0.272242, 0.144524, 0.000000,
                0.438911, 0.021612, 0.826292, 0.896161, 0.140249, 0.554036, 0.108576, 0.672240,
                0.281234, 0.659423, 0.726995, 0.768647,
            ],
            [
                0.128114, 0.154289, 0.682496, 0.030818, 0.161272, 0.096391, 0.103403, 0.438911,
                0.000000, 0.952899, 0.290918, 0.515057, 0.255965, 0.936044, 0.164608, 0.044911,
                0.435097, 0.992376, 0.891677, 0.748608,
            ],
            [
                0.450386, 0.683049, 0.139752, 0.436717, 0.501045, 0.902602, 0.587645, 0.021612,
                0.952899, 0.000000, 0.936813, 0.240971, 0.122758, 0.831113, 0.153284, 0.179268,
                0.599383, 0.874562, 0.196435, 0.310324,
            ],
            [
                0.370798, 0.744762, 0.199908, 0.214585, 0.152312, 0.455776, 0.170593, 0.826292,
                0.290918, 0.936813, 0.000000, 0.581117, 0.199776, 0.804125, 0.715407, 0.738984,
                0.131058, 0.123754, 0.927563, 0.397578,
            ],
            [
                0.926765, 0.967510, 0.007362, 0.408529, 0.696320, 0.202363, 0.925120, 0.896161,
                0.515057, 0.240971, 0.581117, 0.000000, 0.966232, 0.596043, 0.933023, 0.804361,
                0.467382, 0.784763, 0.017837, 0.109144,
            ],
            [
                0.643865, 0.325825, 0.786924, 0.853403, 0.446156, 0.305957, 0.581061, 0.140249,
                0.255965, 0.122758, 0.199776, 0.966232, 0.000000, 0.247840, 0.236662, 0.746014,
                0.816569, 0.105278, 0.066559, 0.594434,
            ],
            [
                0.822762, 0.370460, 0.664851, 0.233939, 0.381021, 0.579220, 0.346870, 0.554036,
                0.936044, 0.831113, 0.804125, 0.596043, 0.247840, 0.000000, 0.680715, 0.393630,
                0.317991, 0.504526, 0.875005, 0.851132,
            ],
            [
                0.443414, 0.469556, 0.705165, 0.058303, 0.301512, 0.176773, 0.590915, 0.108576,
                0.164608, 0.153284, 0.715407, 0.933023, 0.236662, 0.680715, 0.000000, 0.902653,
                0.979571, 0.802026, 0.779478, 0.642483,
            ],
            [
                0.227239, 0.189471, 0.780729, 0.281384, 0.630283, 0.856614, 0.022804, 0.672240,
                0.044911, 0.179268, 0.738984, 0.804361, 0.746014, 0.393630, 0.902653, 0.000000,
                0.379464, 0.685743, 0.296876, 0.948858,
            ],
            [
                0.554585, 0.129922, 0.458916, 0.293594, 0.361813, 0.758520, 0.958559, 0.281234,
                0.435097, 0.599383, 0.131058, 0.467382, 0.816569, 0.317991, 0.979571, 0.379464,
                0.000000, 0.725716, 0.084493, 0.935940,
            ],
            [
                0.063817, 0.475705, 0.568741, 0.661917, 0.087650, 0.719463, 0.482303, 0.659423,
                0.992376, 0.874562, 0.123754, 0.784763, 0.105278, 0.504526, 0.802026, 0.685743,
                0.725716, 0.000000, 0.492153, 0.599593,
            ],
            [
                0.827631, 0.226909, 0.139797, 0.557032, 0.118006, 0.432093, 0.782735, 0.726995,
                0.891677, 0.196435, 0.927563, 0.017837, 0.066559, 0.875005, 0.779478, 0.296876,
                0.084493, 0.492153, 0.000000, 0.729686,
            ],
            [
                0.631664, 0.669814, 0.114530, 0.783898, 0.961898, 0.627309, 0.082730, 0.768647,
                0.748608, 0.310324, 0.397578, 0.109144, 0.594434, 0.851132, 0.642483, 0.948858,
                0.935940, 0.599593, 0.729686, 0.000000,
            ],
        ]);
        let ord = vec![
            0, 1, 18, 11, 20, 12, 3, 19, 17, 2, 14, 6, 4, 15, 8, 10, 13, 7, 16, 9, 5,
        ];

        let splits = compute_splits(&ord, &d).expect("splitstree4 weights");
        let weights: Vec<f64> = splits.iter().map(|s| s.get_weight()).collect();
        let expected = vec![
            0.04747073292009973,
            0.007701612616020058,
            0.07444016201336935,
            0.06789766705771873,
            0.02630642598877114,
            0.10194546998206505,
            0.06073245104179167,
            0.0683313206520417,
            0.04005286248655617,
            0.09191359064438706,
            0.012365602069513485,
            0.12857462752240228,
            0.09984787893965927,
            0.016672275496657778,
            0.028324165205544625,
            0.09037640720098351,
            0.09778057553901492,
            0.016436851573113517,
            0.013119574945702001,
            0.019374696717817545,
            0.009733251103374608,
            0.17753642308661646,
            0.013374137455845701,
            0.15158252481076986,
            0.02475755449753652,
            0.02230274323604156,
            0.09231035708002332,
            0.029744612006332088,
            0.13842653829605708,
            0.008186357129676,
            0.0034127118736472783,
            0.04182264755520201,
            0.016584870701119237,
            0.01940042861403799,
            0.002928640891889148,
            0.10084760318462828,
            0.09966788081219224,
        ];
        compare_float_array(&weights, &expected, 1e-6);
    }

    #[test]
    fn splitstree4_smoke_30() {
        let d = arr2(&[
            [
                0.00, 4.09, 0.33, 3.16, 4.69, 0.09, 2.33, 0.16, 2.40, 3.37, 0.55, 0.92, 0.09, 0.89,
                1.54, 0.63, 2.04, 1.95, 1.51, 1.99, 3.01, 3.06, 1.28, 2.33, 4.40, 1.92, 1.68, 0.59,
                3.76, 0.62,
            ],
            [
                4.09, 0.00, 3.70, 0.91, 1.56, 1.04, 3.97, 2.83, 2.06, 2.50, 0.59, 2.45, 4.81, 4.86,
                1.71, 0.68, 2.78, 4.21, 3.53, 0.95, 2.38, 1.99, 4.57, 2.24, 3.31, 1.23, 3.66, 2.81,
                0.40, 0.97,
            ],
            [
                0.33, 3.70, 0.00, 3.24, 0.08, 3.13, 4.49, 2.38, 3.36, 1.40, 1.72, 2.36, 0.63, 3.13,
                3.31, 3.65, 0.86, 3.84, 0.46, 2.49, 3.19, 2.59, 2.41, 4.93, 4.24, 0.06, 0.41, 4.93,
                3.74, 3.64,
            ],
            [
                3.16, 0.91, 3.24, 0.00, 4.00, 1.35, 1.53, 4.81, 2.88, 2.74, 4.28, 1.47, 4.66, 3.14,
                2.23, 3.00, 3.28, 0.07, 4.61, 3.73, 0.62, 2.06, 2.85, 2.83, 1.92, 2.68, 0.51, 3.81,
                1.24, 4.40,
            ],
            [
                4.69, 1.56, 0.08, 4.00, 0.00, 0.33, 4.28, 0.55, 4.06, 3.71, 3.86, 0.21, 3.62, 0.62,
                0.71, 1.37, 3.97, 4.83, 1.38, 3.46, 1.24, 4.90, 0.47, 3.98, 3.63, 4.32, 0.77, 1.37,
                2.61, 1.22,
            ],
            [
                0.09, 1.04, 3.13, 1.35, 0.33, 0.00, 1.25, 1.49, 3.49, 2.22, 4.45, 3.44, 2.80, 0.81,
                2.67, 2.95, 1.64, 0.71, 3.28, 3.57, 0.31, 4.68, 3.58, 1.54, 4.11, 3.17, 2.40, 3.05,
                3.78, 3.92,
            ],
            [
                2.33, 3.97, 4.49, 1.53, 4.28, 1.25, 0.00, 2.14, 3.55, 2.94, 0.25, 0.51, 0.39, 0.45,
                1.69, 3.43, 1.11, 0.45, 3.53, 4.63, 3.68, 2.75, 2.72, 0.43, 2.35, 2.87, 2.45, 0.39,
                2.95, 0.06,
            ],
            [
                0.16, 2.83, 2.38, 4.81, 0.55, 1.49, 2.14, 0.00, 1.32, 4.21, 4.47, 1.86, 1.12, 4.92,
                3.44, 3.67, 4.36, 1.53, 0.31, 2.23, 0.41, 4.83, 1.03, 2.85, 4.94, 3.51, 0.03, 2.31,
                1.78, 4.99,
            ],
            [
                2.40, 2.06, 3.36, 2.88, 4.06, 3.49, 3.55, 1.32, 0.00, 4.35, 4.04, 2.02, 1.47, 4.28,
                3.72, 2.13, 0.03, 1.62, 3.74, 2.56, 3.43, 2.01, 0.24, 1.81, 4.47, 1.56, 4.30, 0.83,
                4.06, 0.11,
            ],
            [
                3.37, 2.50, 1.40, 2.74, 3.71, 2.22, 2.94, 4.21, 4.35, 0.00, 3.00, 1.72, 1.97, 0.25,
                1.24, 1.97, 3.24, 1.26, 0.52, 2.61, 0.70, 2.87, 2.60, 0.34, 2.66, 3.69, 0.39, 2.99,
                1.25, 0.23,
            ],
            [
                0.55, 0.59, 1.72, 4.28, 3.86, 4.45, 0.25, 4.47, 4.04, 3.00, 0.00, 1.73, 3.14, 4.79,
                0.70, 1.05, 0.04, 4.85, 1.13, 3.79, 3.10, 0.86, 3.13, 1.99, 4.86, 0.76, 4.61, 0.87,
                0.76, 3.25,
            ],
            [
                0.92, 2.45, 2.36, 1.47, 0.21, 3.44, 0.51, 1.86, 2.02, 1.72, 1.73, 0.00, 3.41, 2.24,
                0.20, 4.08, 3.17, 0.96, 3.96, 0.64, 3.33, 0.72, 4.03, 4.34, 3.68, 1.67, 3.91, 2.50,
                4.24, 3.76,
            ],
            [
                0.09, 4.81, 0.63, 4.66, 3.62, 2.80, 0.39, 1.12, 1.47, 1.97, 3.14, 3.41, 0.00, 4.35,
                4.14, 0.90, 2.32, 1.29, 3.29, 3.50, 1.03, 2.66, 2.15, 3.32, 3.55, 2.33, 2.39, 0.23,
                4.60, 4.48,
            ],
            [
                0.89, 4.86, 3.13, 3.14, 0.62, 0.81, 0.45, 4.92, 4.28, 0.25, 4.79, 2.24, 4.35, 0.00,
                1.22, 2.79, 4.40, 4.37, 4.04, 2.30, 1.14, 1.57, 2.34, 2.92, 3.91, 3.73, 1.16, 1.07,
                0.92, 0.42,
            ],
            [
                1.54, 1.71, 3.31, 2.23, 0.71, 2.67, 1.69, 3.44, 3.72, 1.24, 0.70, 0.20, 4.14, 1.22,
                0.00, 3.91, 0.29, 3.67, 0.62, 3.69, 1.51, 2.64, 4.53, 2.87, 0.63, 4.51, 0.26, 0.77,
                3.59, 3.25,
            ],
            [
                0.63, 0.68, 3.65, 3.00, 1.37, 2.95, 3.43, 3.67, 2.13, 1.97, 1.05, 4.08, 0.90, 2.79,
                3.91, 0.00, 0.35, 0.08, 2.78, 0.82, 1.87, 1.13, 2.79, 4.94, 3.20, 1.62, 1.28, 4.40,
                3.62, 0.67,
            ],
            [
                2.04, 2.78, 0.86, 3.28, 3.97, 1.64, 1.11, 4.36, 0.03, 3.24, 0.04, 3.17, 2.32, 4.40,
                0.29, 0.35, 0.00, 0.72, 3.74, 2.29, 2.35, 0.03, 4.84, 2.88, 1.52, 2.54, 3.54, 2.08,
                1.15, 2.90,
            ],
            [
                1.95, 4.21, 3.84, 0.07, 4.83, 0.71, 0.45, 1.53, 1.62, 1.26, 4.85, 0.96, 1.29, 4.37,
                3.67, 0.08, 0.72, 0.00, 1.15, 0.42, 3.81, 0.09, 4.51, 2.17, 4.44, 3.27, 1.80, 2.24,
                1.43, 0.07,
            ],
            [
                1.51, 3.53, 0.46, 4.61, 1.38, 3.28, 3.53, 0.31, 3.74, 0.52, 1.13, 3.96, 3.29, 4.04,
                0.62, 2.78, 3.74, 1.15, 0.00, 3.86, 2.27, 0.90, 2.64, 2.53, 3.87, 3.11, 1.73, 3.74,
                0.61, 3.64,
            ],
            [
                1.99, 0.95, 2.49, 3.73, 3.46, 3.57, 4.63, 2.23, 2.56, 2.61, 3.79, 0.64, 3.50, 2.30,
                3.69, 0.82, 2.29, 0.42, 3.86, 0.00, 4.33, 0.43, 4.52, 1.18, 4.96, 1.14, 3.76, 2.68,
                2.40, 1.48,
            ],
            [
                3.01, 2.38, 3.19, 0.62, 1.24, 0.31, 3.68, 0.41, 3.43, 0.70, 3.10, 3.33, 1.03, 1.14,
                1.51, 1.87, 2.35, 3.81, 2.27, 4.33, 0.00, 2.79, 0.55, 0.89, 2.57, 1.66, 3.83, 3.94,
                4.42, 4.16,
            ],
            [
                3.06, 1.99, 2.59, 2.06, 4.90, 4.68, 2.75, 4.83, 2.01, 2.87, 0.86, 0.72, 2.66, 1.57,
                2.64, 1.13, 0.03, 0.09, 0.90, 0.43, 2.79, 0.00, 1.10, 4.74, 0.55, 3.11, 2.70, 0.08,
                2.47, 2.10,
            ],
            [
                1.28, 4.57, 2.41, 2.85, 0.47, 3.58, 2.72, 1.03, 0.24, 2.60, 3.13, 4.03, 2.15, 2.34,
                4.53, 2.79, 4.84, 4.51, 2.64, 4.52, 0.55, 1.10, 0.00, 0.02, 0.04, 1.44, 4.21, 4.66,
                2.14, 1.87,
            ],
            [
                2.33, 2.24, 4.93, 2.83, 3.98, 1.54, 0.43, 2.85, 1.81, 0.34, 1.99, 4.34, 3.32, 2.92,
                2.87, 4.94, 2.88, 2.17, 2.53, 1.18, 0.89, 4.74, 0.02, 0.00, 3.68, 4.34, 3.15, 3.48,
                0.11, 3.72,
            ],
            [
                4.40, 3.31, 4.24, 1.92, 3.63, 4.11, 2.35, 4.94, 4.47, 2.66, 4.86, 3.68, 3.55, 3.91,
                0.63, 3.20, 1.52, 4.44, 3.87, 4.96, 2.57, 0.55, 0.04, 3.68, 0.00, 3.22, 2.47, 3.41,
                2.32, 4.86,
            ],
            [
                1.92, 1.23, 0.06, 2.68, 4.32, 3.17, 2.87, 3.51, 1.56, 3.69, 0.76, 1.67, 2.33, 3.73,
                4.51, 1.62, 2.54, 3.27, 3.11, 1.14, 1.66, 3.11, 1.44, 4.34, 3.22, 0.00, 1.57, 4.16,
                2.53, 2.38,
            ],
            [
                1.68, 3.66, 0.41, 0.51, 0.77, 2.40, 2.45, 0.03, 4.30, 0.39, 4.61, 3.91, 2.39, 1.16,
                0.26, 1.28, 3.54, 1.80, 1.73, 3.76, 3.83, 2.70, 4.21, 3.15, 2.47, 1.57, 0.00, 1.18,
                2.48, 4.63,
            ],
            [
                0.59, 2.81, 4.93, 3.81, 1.37, 3.05, 0.39, 2.31, 0.83, 2.99, 0.87, 2.50, 0.23, 1.07,
                0.77, 4.40, 2.08, 2.24, 3.74, 2.68, 3.94, 0.08, 4.66, 3.48, 3.41, 4.16, 1.18, 0.00,
                2.54, 2.44,
            ],
            [
                3.76, 0.40, 3.74, 1.24, 2.61, 3.78, 2.95, 1.78, 4.06, 1.25, 0.76, 4.24, 4.60, 0.92,
                3.59, 3.62, 1.15, 1.43, 0.61, 2.40, 4.42, 2.47, 2.14, 0.11, 2.32, 2.53, 2.48, 2.54,
                0.00, 2.45,
            ],
            [
                0.62, 0.97, 3.64, 4.40, 1.22, 3.92, 0.06, 4.99, 0.11, 0.23, 3.25, 3.76, 4.48, 0.42,
                3.25, 0.67, 2.90, 0.07, 3.64, 1.48, 4.16, 2.10, 1.87, 3.72, 4.86, 2.38, 4.63, 2.44,
                2.45, 0.00,
            ],
        ]);
        let ord = vec![
            0, 1, 13, 28, 7, 11, 8, 19, 29, 24, 18, 4, 21, 6, 10, 14, 30, 27, 5, 12, 15, 3,
            26, 2, 20, 16, 23, 25, 22, 17, 9,
        ];

        let splits = compute_splits(&ord, &d).expect("splitstree4 weights");
        let weights: Vec<f64> = splits.iter().map(|s| s.get_weight()).collect();

        let expected = vec![
            0.35165982425650594,
            0.3234546583931394,
            0.01836248401040788,
            0.2647265910837152,
            0.07310658534257446,
            0.016904875835296145,
            0.07417425005162112,
            0.35058100474882176,
            0.4441751198741078,
            0.015184289560948135,
            0.14417596025830046,
            0.046011456403201235,
            0.6336355783886727,
            0.20310642722609853,
            0.004162330659955962,
            0.06720735623079344,
            0.03704912530132936,
            0.1595697392800101,
            0.030022700496515484,
            0.11530941384503693,
            0.22683290921085908,
            0.394777306803736,
            0.16004092378760623,
            0.10401889376194877,
            0.2949787696536616,
            0.04450620244989633,
            0.10503097122733772,
            0.4591147438942216,
            0.12685560778742017,
            0.5150872565426827,
            0.0584694398706967,
            0.07356090612223444,
            0.2706045489762404,
            0.10711442441854849,
            0.1546430151080418,
            0.4021732242954021,
            0.06517336333344045,
            0.29044695639220924,
            0.13646622046620638,
            0.23848374626235996,
            0.3987617377495577,
            0.36239314807406264,
            0.1965107186688232,
            0.4611518861953915,
            0.003423817703855466,
            0.1215123381285013,
            0.03235275110418943,
            0.0227377326173718,
            0.86291252936969,
            0.04183595095200871,
            0.024407628112227523,
            0.42215860178445985,
            0.03349779671734015,
            0.36019732728983167,
            0.38036199591496206,
            0.4687480844806215,
            0.026393576718969528,
            0.020076208853283227,
            0.1896472124048113,
            0.8118066234487102,
            0.3152989647618973,
            0.37645807745007587,
            0.3619824720157831,
            0.35290690020374527,
            0.36851063177213594,
        ];
        compare_float_array(&weights, &expected, 1e-6);
    }

    #[test]
    fn splitstree4_smoke_50() {
        let d = arr2(&[
            [
                0.000000, 2.083099, 0.050846, 4.126033, 1.493199, 1.842058, 0.968307, 2.830041,
                0.808439, 0.621334, 2.164681, 2.810392, 0.871718, 2.766105, 1.774507, 4.790324,
                0.456470, 4.893200, 2.060517, 2.208807, 1.654265, 2.322750, 3.528277, 2.889750,
                3.988117, 0.084197, 3.839526, 4.385913, 2.107167, 1.178657, 4.598365, 4.367978,
                1.236071, 2.479036, 2.489408, 0.111603, 1.266274, 2.618761, 1.596421, 2.854883,
                1.389451, 3.094274, 0.629120, 0.903338, 1.061606, 2.120989, 0.529937, 1.109232,
                0.303428, 3.581728,
            ],
            [
                2.083099, 0.000000, 1.705006, 2.763804, 4.133584, 3.411974, 3.310029, 3.767659,
                1.824918, 0.312566, 4.569942, 2.362790, 3.161885, 0.438977, 3.237163, 1.466676,
                3.225659, 2.556375, 1.353022, 1.754915, 4.530281, 2.324947, 1.536206, 1.760428,
                2.130794, 2.712479, 3.064209, 1.580299, 1.270980, 2.215881, 0.414345, 0.885629,
                3.467633, 1.337152, 0.382850, 1.176734, 3.784147, 2.337486, 0.291088, 3.087164,
                1.338903, 4.312580, 3.326509, 0.746219, 0.683141, 2.719320, 0.784471, 0.607045,
                3.650156, 4.161330,
            ],
            [
                0.050846, 1.705006, 0.000000, 0.891460, 1.735770, 4.068932, 4.663418, 0.540479,
                1.406388, 3.098536, 4.231274, 0.682073, 2.023619, 4.202103, 3.624046, 0.439839,
                4.753216, 0.446548, 1.653288, 4.968928, 2.842363, 1.945624, 3.033658, 2.462141,
                1.040581, 3.464595, 0.950093, 0.310263, 4.058212, 0.522544, 0.699207, 0.922059,
                2.679122, 1.219804, 0.411423, 3.464386, 2.560064, 0.104340, 3.435903, 1.162539,
                1.180189, 1.357802, 4.030667, 1.487688, 0.273879, 0.430790, 2.195025, 3.967551,
                1.473842, 1.133299,
            ],
            [
                4.126033, 2.763804, 0.891460, 0.000000, 4.087746, 4.226850, 1.879485, 0.121081,
                0.674082, 1.735421, 0.908544, 1.995936, 0.615149, 3.976555, 2.765716, 0.921110,
                2.175830, 4.801263, 0.625590, 3.611083, 4.286970, 4.764709, 0.522214, 3.087757,
                0.663572, 4.018397, 3.372073, 4.764542, 1.609387, 3.703684, 3.202493, 1.141147,
                1.204460, 0.626131, 1.937146, 0.803653, 0.438382, 0.560464, 1.706469, 0.320600,
                0.696769, 0.887609, 0.534678, 1.821505, 2.444189, 2.880247, 0.701676, 2.146239,
                0.628092, 3.034897,
            ],
            [
                1.493199, 4.133584, 1.735770, 4.087746, 0.000000, 4.326294, 1.678911, 4.177658,
                3.518649, 4.547186, 1.191222, 2.881201, 4.462795, 0.642127, 0.175703, 4.447461,
                2.726545, 2.187489, 4.907450, 0.687640, 0.300877, 4.227252, 3.512408, 4.970375,
                4.008273, 1.908181, 4.422568, 4.894894, 4.862486, 4.634329, 0.970046, 3.415604,
                4.804193, 2.596611, 1.469045, 1.977254, 4.903286, 3.017790, 4.087234, 1.455889,
                3.949219, 1.890791, 1.351448, 4.096606, 3.358402, 2.999308, 0.290805, 3.102598,
                2.868606, 4.604069,
            ],
            [
                1.842058, 3.411974, 4.068932, 4.226850, 4.326294, 0.000000, 2.236117, 1.301348,
                2.068815, 0.095574, 4.066673, 1.731215, 4.490697, 4.083302, 2.695147, 0.888004,
                2.970902, 3.370642, 2.067237, 1.335144, 3.654266, 1.586040, 0.212017, 0.335328,
                4.288995, 2.884759, 4.137858, 3.072436, 1.275239, 4.950395, 3.050026, 0.660403,
                0.166163, 4.898516, 2.980645, 1.474082, 2.303140, 4.240178, 0.790957, 2.491896,
                2.027585, 2.481964, 1.578200, 0.529363, 4.017477, 0.996811, 3.995932, 4.462543,
                1.016145, 1.586210,
            ],
            [
                0.968307, 3.310029, 4.663418, 1.879485, 1.678911, 2.236117, 0.000000, 2.754880,
                4.616347, 4.020460, 0.781692, 0.182191, 2.294999, 3.545103, 2.371821, 2.243563,
                3.336079, 1.272015, 1.672777, 4.671350, 1.079555, 0.343563, 2.094953, 2.578117,
                1.002329, 1.601300, 3.107688, 3.400108, 2.831642, 2.596707, 0.518826, 1.705204,
                1.679433, 4.546739, 2.606177, 1.111221, 2.650282, 1.620523, 4.306538, 1.619701,
                0.053758, 0.626114, 1.728392, 1.233144, 2.683444, 1.527773, 4.186339, 4.851652,
                1.487683, 1.366698,
            ],
            [
                2.830041, 3.767659, 0.540479, 0.121081, 4.177658, 1.301348, 2.754880, 0.000000,
                2.436149, 4.342829, 1.754255, 1.264962, 2.571180, 1.286679, 0.468392, 2.792318,
                0.548692, 2.368987, 2.244005, 4.184733, 2.591168, 4.741255, 0.344924, 0.432127,
                4.020240, 2.540771, 0.319073, 4.864226, 3.814665, 1.977530, 4.479569, 3.322839,
                0.664447, 2.628023, 4.676518, 4.204032, 1.463955, 1.198334, 4.651247, 1.675343,
                3.794022, 3.209648, 1.291411, 4.834617, 0.596469, 0.888279, 1.052978, 0.738091,
                3.247972, 2.779666,
            ],
            [
                0.808439, 1.824918, 1.406388, 0.674082, 3.518649, 2.068815, 4.616347, 2.436149,
                0.000000, 2.479598, 2.191929, 3.829155, 4.398371, 1.782939, 0.062411, 1.047591,
                2.960147, 1.537899, 0.976767, 2.736017, 0.110421, 2.184585, 4.099601, 1.241464,
                4.040006, 0.503773, 1.269992, 0.509100, 4.785476, 1.307640, 2.080899, 0.662213,
                1.766187, 3.637617, 3.786377, 2.283262, 1.266798, 4.265957, 4.882597, 0.540092,
                4.365036, 4.940553, 0.326053, 1.781199, 0.435731, 4.181980, 2.889215, 4.673685,
                4.016378, 0.177918,
            ],
            [
